           10.1           2.4968
           10.3           2.5235
          10.51           2.5503
          10.72           2.5771
          10.93            2.604
          11.15           2.6319
          11.37           2.6588
           11.6           2.6867
          11.83           2.7147
          12.07           2.7437
          12.31           2.7717
          12.56           2.8007
          12.81           2.8288
          13.07           2.8579
          13.33           2.8871
          13.59           2.9172
          13.87           2.9464
          14.14           2.9767
          14.43            3.007
          14.71           3.0373
          15.01           3.0676
          15.31            3.098
          15.61           3.1294
          15.93           3.1598
          16.25           3.1913
          16.57           3.2228
           16.9           3.2553
          17.24           3.2869
          17.58           3.3195
          17.94           3.3512
          18.29           3.3838
          18.66           3.4166
          19.03           3.4503
          19.41           3.4831
           19.8           3.5159
           20.2           3.5498
           20.6           3.5837
          21.01           3.6177
          21.44           3.6517
          21.86           3.6867
           22.3           3.7207
          22.75           3.7559
           23.2            3.791
          23.67           3.8262
          24.14           3.8614
          24.62           3.8967
          25.11            3.933
          25.62           3.9684
          26.13           4.0048
          26.65           4.0412
          27.19           4.0777
          27.73           4.1142
          28.28           4.1508
          28.85           4.1884
          29.43           4.2251
          30.01           4.2628
          30.61           4.3006
          31.23           4.3384
          31.85           4.3763
          32.49           4.4142
          33.14           4.4521
           33.8           4.4911
          34.48           4.5292
          35.17           4.5683
          35.87           4.6075
          36.59           4.6467
          37.32           4.6859
          38.07           4.7252
          38.83           4.7646
           39.6            4.805
           40.4           4.8445
           41.2            4.885
          42.03           4.9246
          42.87           4.9652
          43.73           5.0059
           44.6           5.0467
          45.49           5.0875
           46.4           5.1284
          47.33           5.1693
          48.28           5.2103
          49.24           5.2523
          50.23           5.2934
          51.23           5.3346
          52.26           5.3768
           53.3           5.4191
          54.37           5.4604
          55.45           5.5029
          56.56           5.5453
          57.69           5.5869
          58.85           5.6295
          60.03           5.6722
          61.23           5.7149
          62.45           5.7577
           63.7           5.8006
          64.97           5.8435
          66.27           5.8865
           67.6           5.9296
          68.95           5.9727
          70.33            6.016
          71.74           6.0593
          73.17           6.1026
          74.63           6.1461
          76.13           6.1896
          77.65           6.2332
           79.2           6.2768
          80.79           6.3206
           82.4           6.3644
          84.05           6.4083
          85.73           6.4523
          87.45           6.4963
          89.19           6.5404
          90.98           6.5847
           92.8            6.629
          94.65           6.6723
          96.55           6.7168
          98.48           6.7613
          100.4            6.805
          102.5           6.8497
          104.5           6.8935
          106.6           6.9374
          108.7           6.9824
          110.9           7.0264
          113.1           7.0706
          115.4           7.1148
          117.7           7.1592
            120           7.2026
          122.4           7.2471
          124.9           7.2918
          127.4           7.3355
          129.9           7.3793
          132.5            7.423
          135.2            7.467
          137.9            7.511
          140.7            7.556
          143.5              7.6
          146.3            7.643
          149.3            7.687
          152.2             7.73
          155.3            7.774
          158.4            7.818
          161.6            7.861
          164.8            7.905
          168.1            7.948
          171.5            7.991
          174.9            8.035
          178.4            8.077
          181.9             8.12
          185.6            8.163
          189.3            8.206
          193.1            8.248
          196.9            8.291
          200.9            8.333
          204.9            8.375
            209            8.418
          213.2            8.459
          217.4            8.501
          221.8            8.543
          226.2            8.585
          230.8            8.626
          235.4            8.667
          240.1            8.707
          244.9            8.749
          249.8            8.789
          254.8            8.829
          259.9             8.87
          265.1             8.91
          270.4            8.949
          275.8            8.989
          281.3            9.029
          286.9            9.067
          292.7            9.107
          298.5            9.146
          304.5            9.184
          310.6            9.222
          316.8            9.261
          323.1            9.299
          329.6            9.337
          336.2            9.373
          342.9            9.411
          349.7            9.448
          356.7            9.485
          363.9            9.521
          371.2            9.557
          378.6            9.593
          386.1            9.628
          393.9            9.664
          401.7            9.699
          409.8            9.733
            418            9.768
          426.3            9.802
          434.9            9.836
          443.6            9.869
          452.4            9.902
          461.5            9.936
          470.7            9.968
          480.1               10
          489.7           10.032
          499.5           10.063
          509.5           10.095
          519.7           10.126
          530.1           10.156
          540.7           10.187
          551.5           10.217
          562.5           10.247
          573.8           10.276
          585.3           10.304
            597           10.333
          608.9           10.362
          621.1           10.389
          633.5           10.417
          646.2           10.445
          659.1           10.471
          672.3           10.498
          685.7           10.524
          699.5            10.55
          713.4           10.575
          727.7             10.6
          742.3           10.624
          757.1           10.649
          772.3           10.673
          787.7           10.696
          803.5           10.719
          819.5           10.742
          835.9           10.765
          852.6           10.787
          869.7           10.808
          887.1            10.83
          904.8           10.851
          922.9           10.872
          941.4           10.893
          960.2           10.912
          979.4           10.932
            999           10.951
           1019            10.97
           1039           10.989
           1060           11.007
           1081           11.024
           1103           11.042
           1125            11.06
           1148           11.076
           1170           11.092
           1194           11.109
           1218           11.124
           1242            11.14
           1267           11.155
           1292            11.17
           1318           11.185
           1345           11.199
           1371           11.213
           1399           11.227
           1427            11.24
           1455           11.253
           1484           11.266
           1514           11.279
           1544           11.292
           1575           11.304
           1607           11.315
           1639           11.327
           1672           11.339
           1705            11.35
           1739           11.361
           1774           11.372
           1810           11.383
           1846           11.393
           1883           11.403
           1920           11.414
           1959           11.424
           1998           11.434
           2038           11.443
           2079           11.453
           2120           11.462
           2163           11.472
           2206           11.481
           2250           11.491
           2295             11.5
           2341           11.509
           2388           11.518
           2435           11.527
           2484           11.536
           2534           11.545
           2584           11.554
           2636           11.563
           2689           11.572
           2743           11.581
           2797           11.591
           2853             11.6
           2911           11.609
           2969           11.619
           3028           11.629
           3089           11.638
           3150           11.649
           3213           11.659
           3278           11.669
           3343           11.679
           3410            11.69
           3478           11.701
           3548           11.711
           3619           11.723
           3691           11.734
           3765           11.746
           3840           11.758
           3917            11.77
           3996           11.783
           4075           11.796
           4157           11.809
           4240           11.823
           4325           11.837
           4411           11.852
           4500           11.867
           4590           11.882
           4681           11.898
           4775           11.914
           4871           11.931
           4968           11.947
           5067           11.966
           5169           11.984
           5272           12.002
           5377           12.021
           5485           12.041
           5595           12.061
           5707           12.082
           5821           12.104
           5937           12.127
           6056           12.149
           6177           12.172
           6301           12.197
           6427           12.222
           6555           12.246
           6686           12.273
           6820             12.3
           6956           12.328
           7095           12.356
           7237           12.385
           7382           12.415
           7530           12.446
           7680           12.478
           7834            12.51
           7991           12.543
           8150           12.578
           8313           12.612
           8480           12.648
           8649           12.684
           8822           12.722
           8999           12.761
           9179           12.801
           9362           12.841
           9550           12.882
           9740           12.925
           9935           12.968
          10130           13.012
          10340           13.058
          10540           13.104
          10750           13.152
          10970           13.201
          11190           13.251
          11410           13.301
          11640           13.353
          11870           13.407
          12110           13.461
          12350           13.516
          12600           13.572
          12850            13.63
          13110           13.692
          13370           13.752
          13640           13.813
          13910           13.874
          14190           13.925
          14470           13.976
          14760           14.028
          15060            14.09
          15360           14.142
          15670           14.194
          15980           14.257
          16300            14.31
          16630           14.373
          16960           14.426
          17300            14.49
          17640           14.554
          18000           14.618
          18360           14.682
          18720           14.747
          19100           14.822
          19480           14.887
          19870           14.962
          20270           15.028
          20670           15.104
          21090            15.18
          21510           15.257
          21940           15.334
          22380           15.411
          22820           15.488
          23280           15.566
          23750           15.654
          24220           15.742
          24710            15.82
          25200           15.909
          25700           15.998
          26220           16.088
          26740           16.187
          27280           16.277
          27820           16.367
          28380           16.468
          28950           16.568
          29520           16.669
          30120            16.77
          30720           16.872
          31330           16.974
          31960           17.076
          32600           17.188
          33250           17.301
          33910           17.414
          34590           17.527
          35290            17.64
          35990           17.754
          36710           17.868
          37440           17.992
          38190           18.117
          38960           18.241
          39740           18.366
          40530           18.492
          41340           18.617
          42170           18.753
          43010           18.879
          43870           19.016
          44750           19.152
          45650           19.289
          46560           19.436
          47490           19.573
          48440           19.721
          49410           19.859
          50400           20.007
          51400           20.155
          52430           20.314
          53480           20.463
          54550           20.622
          55640           20.771
          56750           20.931
          57890           21.091
          59050           21.251
          60230           21.421
          61430           21.581
          62660           21.752
          63910           21.913
          65190           22.084
          66500           22.256
          67830           22.427
          69180           22.609
          70570           22.781
          71980           22.954
          73420           23.136
          74890           23.244
          76380           23.418
          77910           23.603
          79470           23.787
          81060           23.972
          82680           24.157
          84330           24.343
          86020           24.538
          87740           24.724
          89500          24.9094
          91290          25.0954
          93110          25.2915
          94970          25.4778
          96870          25.6642
          98810          25.8608
         100800          26.0476
         102800          26.2345
         104900          26.4317
         107000          26.6189
         109100          26.8064
         111300          27.0039
         113500          27.1917
         115800          27.3796
         118100          27.5777
         120400          27.7659
         122900          27.9642
         125300          28.1527
         127800          28.3514
         130400          28.5402
         133000          28.7392
         135600          28.9383
         138400          29.1375
         141100          29.3469
         143900          29.5464
         146800          29.7561
         149800          29.9659
         152800          30.1758
         155800          30.3959
         158900          30.6161
         162100          30.8364
         165400          31.0669
         168700          31.2975
         172000          31.5382
         175500          31.7791
         179000          32.0301
         182600          32.2812
         186200          32.5424
         189900          32.8037
         193700          33.0752
         197600          33.3468
         201600          33.6285
         205600          33.9203
         209700          34.2122
         213900          34.5142
         218200          34.8164
         222500          35.1287
         227000           35.451
         231500          35.7735
         236200          36.1061
         240900          36.4488
         245700          36.7916
         250600          37.1445
         255600          37.5075
         260700          37.8706
         266000          38.2438
         271300           38.617
         276700          39.0004
         282200          39.3939
         287900          39.7875
         293600          40.1912
         299500          40.5949
         305500          41.0088
         311600          41.4327
         317800          41.8567
         324200          42.2809
         330700          42.7151
         337300          43.1594
         344000          43.6037
         350900          44.0582
         357900          44.5127
         365100          44.9773
         372400           45.442
         379900          45.9068
         387400          46.3816
         395200          46.8566
         403100          47.3416
         411200          47.8267
         419400          48.3118
         427800           48.807
         436300          49.3023
         445100          49.7977
         454000          50.2931
         463000          50.7986
         472300          51.3042
         481700          51.8098
         491400          52.3155
         501200          52.8213
         511200          53.3371
         521500           53.843
         531900           54.359
         542500           54.875
         553400          55.3811
         564400          55.8972
         575700          56.4034
         587200          56.9096
         599000           57.416
         611000          57.9223
         623200          58.4287
         635600          58.9252
         648400          59.4218
         661300          59.9183
         674600           60.405
         688000          60.8917
         701800          61.3684
         715800          61.8452
         730200           62.312
         744800          62.7789
         759700          63.2359
         774900          63.6828
         790300          64.1199
         806200           64.557
         822300          64.9841
         838700          65.4012
         855500          65.8085
         872600          66.1957
         890100           66.583
         907900          66.9604
         926000          67.3277
         944500          67.6852
         963400          68.0226
         982700          68.3501
      1.002e+06          68.6677
      1.022e+06          68.9753
      1.043e+06          69.2629
      1.064e+06          69.5405
      1.085e+06          69.7982
      1.107e+06           70.046
      1.129e+06          70.2837
      1.151e+06          70.5015
      1.174e+06          70.6994
      1.198e+06          70.8872
      1.222e+06          71.0551
      1.246e+06          71.2131
      1.271e+06           71.351
      1.297e+06           71.469
      1.323e+06          71.5671
      1.349e+06          71.6551
      1.376e+06          71.7332
      1.404e+06          71.7814
      1.432e+06          71.8195
       1.46e+06          71.8377
      1.489e+06          71.8459
      1.519e+06          71.8242
       1.55e+06          71.8024
      1.581e+06          71.7507
      1.612e+06          71.6891
      1.644e+06          71.5974
      1.677e+06          71.5058
      1.711e+06          71.3842
      1.745e+06          71.2526
       1.78e+06          71.1111
      1.816e+06          70.9496
      1.852e+06          70.7681
      1.889e+06          70.5766
      1.927e+06          70.3652
      1.965e+06          70.1337
      2.005e+06          69.9023
      2.045e+06           69.641
      2.086e+06          69.3796
      2.127e+06          69.0983
       2.17e+06           68.797
      2.213e+06          68.4957
      2.258e+06          68.1744
      2.303e+06          67.8432
      2.349e+06           67.492
      2.396e+06          67.1407
      2.444e+06          66.7696
      2.492e+06          66.3884
      2.542e+06          66.0072
      2.593e+06          65.6061
      2.645e+06           65.195
      2.698e+06          64.7839
      2.752e+06          64.3528
      2.807e+06          63.9218
      2.863e+06          63.4807
       2.92e+06          63.0297
      2.979e+06          62.5787
      3.038e+06          62.1077
      3.099e+06          61.6467
      3.161e+06          61.1658
      3.224e+06          60.6848
      3.289e+06          60.2039
      3.355e+06           59.713
      3.422e+06          59.2121
       3.49e+06          58.7112
       3.56e+06          58.2103
      3.631e+06          57.6995
      3.704e+06          57.1887
      3.778e+06          56.6778
      3.853e+06           56.167
       3.93e+06          55.6462
      4.009e+06          55.1254
      4.089e+06          54.6047
      4.171e+06          54.0839
      4.254e+06          53.5532
      4.339e+06          53.0324
      4.426e+06          52.5117
      4.515e+06           51.981
      4.605e+06          51.4603
      4.697e+06          50.9296
      4.791e+06          50.4089
      4.887e+06          49.8783
      4.985e+06          49.3576
      5.084e+06           48.837
      5.186e+06          48.3163
       5.29e+06          47.7957
      5.396e+06          47.2751
      5.503e+06          46.7645
      5.614e+06          46.2439
      5.726e+06          45.7333
       5.84e+06          45.2228
      5.957e+06          44.7122
      6.076e+06          44.2117
      6.198e+06          43.7011
      6.322e+06          43.2006
      6.448e+06          42.7101
      6.577e+06          42.2096
      6.709e+06           41.719
      6.843e+06          41.2285
       6.98e+06           40.748
      7.119e+06          40.2576
      7.262e+06          39.7871
      7.407e+06          39.3066
      7.555e+06          38.8362
      7.706e+06          38.3657
       7.86e+06          37.8953
      8.018e+06          37.4348
      8.178e+06          36.9844
      8.341e+06           36.524
      8.508e+06          36.0736
      8.678e+06          35.6332
      8.852e+06          35.1828
      9.029e+06          34.7424
       9.21e+06           34.312
      9.394e+06          33.8816
      9.582e+06          33.4513
      9.773e+06          33.0309
      9.969e+06          32.6105
      1.017e+07          32.2002
      1.037e+07          31.7798
      1.058e+07          31.3795
      1.079e+07          30.9691
      1.101e+07          30.5788
      1.123e+07          30.1785
      1.145e+07          29.7882
      1.168e+07          29.3978
      1.191e+07          29.0175
      1.215e+07          28.6372
      1.239e+07          28.2669
      1.264e+07          27.8966
       1.29e+07          27.5264
      1.315e+07          27.1661
      1.342e+07          26.8058
      1.369e+07          26.4455
      1.396e+07          26.0953
      1.424e+07           25.755
      1.452e+07          25.4247
      1.481e+07          25.0745
      1.511e+07          24.7242
      1.541e+07           24.364
      1.572e+07          24.0037
      1.603e+07          23.6335
      1.635e+07          23.2532
      1.668e+07           22.863
      1.702e+07          22.4928
      1.736e+07          22.1626
       1.77e+07          21.8324
      1.806e+07          21.5021
      1.842e+07          21.1819
      1.879e+07          20.8717
      1.916e+07          20.5515
      1.955e+07          20.2513
      1.994e+07          19.9411
      2.034e+07          19.6409
      2.074e+07          19.3507
      2.116e+07          19.0605
      2.158e+07          18.7704
      2.201e+07          18.4902
      2.245e+07            18.21
       2.29e+07          17.9398
      2.336e+07          17.6597
      2.383e+07          17.3995
       2.43e+07          17.1293
      2.479e+07          16.8692
      2.528e+07           16.619
      2.579e+07          16.3588
      2.631e+07          16.1187
      2.683e+07          15.8685
      2.737e+07          15.6284
      2.792e+07          15.3882
      2.847e+07          15.1481
      2.904e+07          14.9179
      2.962e+07          14.6878
      3.022e+07          14.4677
      3.082e+07          14.2475
      3.144e+07          14.0274
      3.207e+07          13.8073
      3.271e+07          13.5971
      3.336e+07           13.387
      3.403e+07          13.1769
      3.471e+07          12.9768
       3.54e+07          12.7767
      3.611e+07          12.5765
      3.683e+07          12.3864
      3.757e+07          12.1963
      3.832e+07          12.0062
      3.909e+07          11.8161
      3.987e+07           11.636
      4.067e+07          11.4559
      4.148e+07          11.2758
      4.231e+07          11.0957
      4.316e+07          10.9256
      4.402e+07          10.7555
       4.49e+07          10.5854
       4.58e+07          10.4153
      4.671e+07          10.2552
      4.765e+07          10.0951
       4.86e+07          9.93701
      4.957e+07          9.78192
      5.057e+07          9.62784
      5.158e+07          9.47675
      5.261e+07          9.32767
      5.366e+07          9.18058
      5.473e+07           9.0355
      5.583e+07          8.89342
      5.695e+07          8.75335
      5.808e+07          8.61527
      5.925e+07          8.47919
      6.043e+07          8.34512
      6.164e+07          8.21305
      6.287e+07          8.08298
      6.413e+07           7.9549
      6.541e+07          7.82883
      6.672e+07          7.70477
      6.805e+07           7.5827
      6.942e+07          7.46164
       7.08e+07          7.34357
      7.222e+07          7.22651
      7.366e+07          7.11144
      7.514e+07          6.99838
      7.664e+07          6.88732
      7.817e+07          6.77726
      7.974e+07          6.66921
      8.133e+07          6.56315
      8.296e+07           6.4591
      8.462e+07          6.35604
      8.631e+07          6.25399
      8.804e+07          6.15493
       8.98e+07          6.05588
      9.159e+07          5.95983
      9.342e+07          5.86378
      9.529e+07          5.77073
       9.72e+07          5.67768
      9.914e+07          5.58763
      1.011e+08          5.49759
      1.031e+08          5.40954
      1.052e+08           5.3235
      1.073e+08          5.23845
      1.095e+08          5.15441
      1.117e+08          5.07137
      1.139e+08          4.99032
      1.162e+08          4.91028
      1.185e+08          4.83124
      1.209e+08           4.7542
      1.233e+08          4.67816
      1.257e+08          4.60312
      1.283e+08          4.52909
      1.308e+08          4.45705
      1.334e+08          4.38501
      1.361e+08          4.31498
      1.388e+08          4.24594
      1.416e+08          4.17791
      1.444e+08          4.11087
      1.473e+08          4.04484
      1.503e+08          3.97981
      1.533e+08          3.91577
      1.563e+08          3.85274
      1.595e+08          3.79171
      1.627e+08          3.73068
      1.659e+08          3.67065
      1.692e+08          3.61162
      1.726e+08          3.55459
      1.761e+08          3.49756
      1.796e+08          3.44154
      1.832e+08          3.38651
      1.868e+08          3.33248
      1.906e+08          3.27846
      1.944e+08          3.22643
      1.983e+08           3.1744