           10.1          1.39723
           10.3          1.41053
          10.51          1.42284
          10.72          1.43614
          10.93          1.44845
          11.15          1.46177
          11.37          1.47508
           11.6           1.4874
          11.83          1.50072
          12.07          1.51405
          12.31          1.52738
          12.56          1.54071
          12.81          1.55405
          13.07          1.56838
          13.33          1.58173
          13.59          1.59507
          13.87          1.60842
          14.14          1.62277
          14.43          1.63613
          14.71          1.65049
          15.01          1.66385
          15.31          1.67822
          15.61          1.69259
          15.93          1.70596
          16.25          1.72034
          16.57          1.73472
           16.9          1.74911
          17.24           1.7635
          17.58          1.77789
          17.94          1.79229
          18.29          1.80669
          18.66          1.82109
          19.03           1.8355
          19.41          1.84991
           19.8          1.86533
           20.2          1.87975
           20.6          1.89418
          21.01          1.90961
          21.44          1.92404
          21.86          1.93848
           22.3          1.95392
          22.75          1.96837
           23.2          1.98382
          23.67          1.99928
          24.14          2.01374
          24.62           2.0292
          25.11          2.04467
          25.62          2.05915
          26.13          2.07463
          26.65          2.09011
          27.19           2.1046
          27.73          2.12009
          28.28          2.13559
          28.85          2.15109
          29.43           2.1666
          30.01          2.18212
          30.61          2.19663
          31.23          2.21216
          31.85          2.22769
          32.49          2.24322
          33.14          2.25876
           33.8          2.27431
          34.48          2.28986
          35.17          2.30541
          35.87          2.32097
          36.59          2.33654
          37.32          2.35111
          38.07          2.36669
          38.83          2.38227
           39.6          2.39786
           40.4          2.41346
           41.2          2.42906
          42.03          2.44467
          42.87          2.46028
          43.73           2.4759
           44.6          2.49053
          45.49          2.50616
           46.4           2.5218
          47.33          2.53744
          48.28          2.55209
          49.24          2.56775
          50.23          2.58342
          51.23          2.59809
          52.26          2.61377
           53.3          2.62845
          54.37          2.64414
          55.45          2.65884
          56.56          2.67454
          57.69          2.68926
          58.85          2.70497
          60.03           2.7197
          61.23          2.73443
          62.45          2.74917
           63.7          2.76392
          64.97          2.77868
          66.27          2.79344
           67.6          2.80821
          68.95          2.82299
          70.33          2.83778
          71.74          2.85257
          73.17          2.86637
          74.63          2.88118
          76.13            2.895
          77.65          2.90982
           79.2          2.92366
          80.79           2.9375
           82.4          2.95135
          84.05          2.96521
          85.73          2.97908
          87.45          2.99296
          89.19          3.00684
          90.98          3.01973
           92.8          3.03364
          94.65          3.04655
          96.55          3.06047
          98.48           3.0734
          100.4          3.08634
          102.5          3.09929
          104.5          3.11225
          106.6          3.12421
          108.7          3.13719
          110.9           3.1492
          113.1           3.1622
          115.4           3.1742
          117.7           3.1862
            120           3.1982
          122.4           3.2093
          124.9           3.2213
          127.4           3.2324
          129.9           3.2444
          132.5           3.2555
          135.2           3.2666
          137.9           3.2767
          140.7           3.2878
          143.5           3.2989
          146.3           3.3091
          149.3           3.3192
          152.2           3.3294
          155.3           3.3395
          158.4           3.3487
          161.6           3.3589
          164.8           3.3681
          168.1           3.3773
          171.5           3.3866
          174.9           3.3948
          178.4           3.4041
          181.9           3.4123
          185.6           3.4206
          189.3           3.4289
          193.1           3.4362
          196.9           3.4445
          200.9           3.4518
          204.9           3.4592
            209           3.4665
          213.2           3.4729
          217.4           3.4793
          221.8           3.4867
          226.2           3.4921
          230.8           3.4985
          235.4           3.5039
          240.1           3.5104
          244.9           3.5149
          249.8           3.5203
          254.8           3.5258
          259.9           3.5303
          265.1           3.5349
          270.4           3.5384
          275.8            3.543
          281.3           3.5465
          286.9           3.5501
          292.7           3.5537
          298.5           3.5564
          304.5            3.559
          310.6           3.5616
          316.8           3.5643
          323.1            3.566
          329.6           3.5677
          336.2           3.5694
          342.9           3.5711
          349.7           3.5719
          356.7           3.5727
          363.9           3.5735
          371.2           3.5743
          378.6           3.5741
          386.1           3.5739
          393.9           3.5738
          401.7           3.5727
          409.8           3.5716
            418           3.5705
          426.3           3.5694
          434.9           3.5674
          443.6           3.5663
          452.4           3.5633
          461.5           3.5614
          470.7           3.5584
          480.1           3.5554
          489.7           3.5525
          499.5           3.5496
          509.5           3.5457
          519.7           3.5419
          530.1            3.538
          540.7           3.5332
          551.5           3.5284
          562.5           3.5236
          573.8           3.5189
          585.3           3.5131
            597           3.5074
          608.9           3.5017
          621.1           3.4961
          633.5           3.4894
          646.2           3.4828
          659.1           3.4762
          672.3           3.4697
          685.7           3.4621
          699.5           3.4546
          713.4           3.4471
          727.7           3.4396
          742.3           3.4312
          757.1           3.4228
          772.3           3.4144
          787.7            3.406
          803.5           3.3976
          819.5           3.3883
          835.9            3.379
          852.6           3.3698
          869.7           3.3595
          887.1           3.3503
          904.8           3.3401
          922.9             3.33
          941.4           3.3199
          960.2           3.3088
          979.4           3.2987
            999           3.2877
           1019           3.2767
           1039           3.2657
           1060           3.2537
           1081           3.2428
           1103           3.2309
           1125           3.2191
           1148           3.2072
           1170           3.1955
           1194           3.1827
           1218            3.171
           1242           3.1583
           1267           3.1456
           1292            3.133
           1318           3.1204
           1345           3.1078
           1371           3.0953
           1399           3.0818
           1427           3.0683
           1455           3.0559
           1484           3.0425
           1514           3.0292
           1544           3.0158
           1575           3.0026
           1607           2.9883
           1639           2.9751
           1672            2.962
           1705           2.9478
           1739           2.9337
           1774           2.9207
           1810           2.9067
           1846           2.8927
           1883           2.8788
           1920           2.8649
           1959            2.851
           1998           2.8372
           2038           2.8234
           2079           2.8097
           2120            2.796
           2163           2.7814
           2206           2.7678
           2250           2.7542
           2295           2.7407
           2341           2.7263
           2388           2.7128
           2435           2.6985
           2484           2.6851
           2534           2.6719
           2584           2.6576
           2636           2.6444
           2689           2.6303
           2743           2.6172
           2797           2.6042
           2853           2.5902
           2911           2.5772
           2969           2.5643
           3028           2.5505
           3089           2.5377
           3150            2.525
           3213           2.5123
           3278           2.4986
           3343           2.4861
           3410           2.4735
           3478           2.4611
           3548           2.4486
           3619           2.4363
           3691            2.424
           3765           2.4117
           3840           2.4005
           3917           2.3884
           3996           2.3763
           4075           2.3653
           4157           2.3534
           4240           2.3425
           4325           2.3306
           4411           2.3198
           4500           2.3091
           4590           2.2985
           4681           2.2869
           4775           2.2764
           4871           2.2669
           4968           2.2565
           5067           2.2462
           5169           2.2359
           5272           2.2267
           5377           2.2166
           5485           2.2076
           5595           2.1986
           5707           2.1886
           5821           2.1798
           5937            2.171
           6056           2.1623
           6177           2.1547
           6301           2.1461
           6427           2.1376
           6555           2.1302
           6686           2.1219
           6820           2.1146
           6956           2.1075
           7095           2.1003
           7237           2.0933
           7382           2.0864
           7530           2.0795
           7680           2.0737
           7834            2.067
           7991           2.0614
           8150           2.0559
           8313           2.0494
           8480            2.044
           8649           2.0388
           8822           2.0336
           8999           2.0295
           9179           2.0244
           9362           2.0205
           9550           2.0157
           9740           2.0119
           9935           2.0083
          10130           2.0047
          10340           2.0012
          10540           1.9979
          10750           1.9946
          10970           1.9922
          11190           1.9894
          11410            1.987
          11640           1.9848
          11870           1.9837
          12110           1.9817
          12350           1.9798
          12600            1.979
          12850           1.9784
          13110           1.9769
          13370           1.9764
          13640           1.9761
          13910           1.9759
          14190           1.9768
          14470           1.9799
          14760            1.982
          15060           1.9853
          15360           1.9886
          15670           1.9921
          15980           1.9957
          16300           1.9994
          16630           2.0042
          16960           2.0091
          17300           2.0141
          17640           2.0192
          18000           2.0245
          18360           2.0308
          18720           2.0373
          19100           2.0438
          19480           2.0515
          19870           2.0582
          20270           2.0661
          20670           2.0741
          21090           2.0831
          21510           2.0913
          21940           2.1006
          22380             2.11
          22820           2.1204
          23280             2.13
          23750           2.1407
          24220           2.1515
          24710           2.1633
          25200           2.1753
          25700           2.1873
          26220           2.1995
          26740           2.2127
          27280           2.2261
          27820           2.2405
          28380            2.254
          28950            2.236
          29520           2.2523
          30120           2.2677
          30720           2.2851
          31330           2.3016
          31960           2.3192
          32600           2.3369
          33250           2.3556
          33910           2.3745
          34590           2.3934
          35290           2.4133
          35990           2.4334
          36710           2.4545
          37440           2.4757
          38190           2.4969
          38960           2.5193
          39740           2.5417
          40530           2.5651
          41340           2.5897
          42170           2.6133
          43010            2.639
          43870           2.6647
          44750           2.6905
          45650           2.7174
          46560           2.7443
          47490           2.7723
          48440           2.8004
          49410           2.8305
          50400           2.8597
          51400             2.89
          52430           2.9213
          53480           2.9537
          54550           2.9862
          55640           3.0187
          56750           3.0532
          57890           3.0879
          59050           3.1226
          60230           3.1593
          61430           3.1961
          62660           3.2339
          63910           3.2719
          65190           3.3108
          66500           3.3508
          67830           3.3919
          69180           3.4341
          70570           3.4762
          71980           3.5205
          73420           3.5648
          74890           3.6101
          76380           3.6555
          77910           3.7029
          79470           3.7514
          81060              3.8
          82680           3.8505
          84330           3.9022
          86020           3.9539
          87740           4.0076
          89500           4.0614
          91290           4.1172
          93110            4.173
          94970           4.2309
          96870           4.2899
          98810           4.3499
         100800           4.4109
         102800            4.474
         104900           4.5371
         107000           4.6023
         109100           4.6685
         111300           4.7368
         113500            4.805
         115800           4.8754
         118100           4.9477
         120400           5.0201
         122900           5.0946
         125300            5.171
         127800           5.2486
         130400           5.3281
         133000           5.4087
         135600           5.4903
         138400            5.574
         141100           5.6597
         143900           5.7464
         146800           5.8351
         149800           5.9259
         152800           6.0178
         155800           6.1116
         158900           6.2075
         162100           6.3054
         165400           6.4044
         168700           6.5054
         172000           6.6084
         175500           6.7134
         179000           6.8205
         182600           6.9296
         186200           7.0407
         189900           7.1539
         193700            7.268
         197600           7.3853
         201600           7.5045
         205600           7.6258
         209700           7.7491
         213900           7.8744
         218200           8.0017
         222500           8.1311
         227000          8.26248
         231500          8.39689
         236200          8.53234
         240900           8.6708
         245700          8.81129
         250600           8.9538
         255600          9.09834
         260700           9.2449
         266000          9.39348
         271300          9.54408
         276700           9.6977
         282200          9.85235
         287900           10.009
         293600          10.1697
         299500          10.3284
         305500          10.4871
         311600          10.6559
         317800          10.8247
         324200          10.9934
         330700          11.1622
         337300          11.3311
         344000          11.4999
         350900          11.6788
         357900          11.8576
         365100          12.0265
         372400          12.2055
         379900          12.3844
         387400          12.5633
         395200          12.7423
         403100          12.9213
         411200          13.1103
         419400          13.2893
         427800          13.4683
         436300          13.6473
         445100          13.8264
         454000          14.0155
         463000          14.1946
         472300          14.3737
         481700          14.5528
         491400          14.7219
         501200           14.901
         511200          15.0702
         521500          15.2494
         531900          15.4186
         542500          15.5877
         553400           15.757
         564400          15.9162
         575700          16.0754
         587200          16.2347
         599000          16.3939
         611000          16.5432
         623200          16.6925
         635600          16.8418
         648400          16.9811
         661300          17.1204
         674600          17.2497
         688000          17.3791
         701800          17.5084
         715800          17.6278
         730200          17.7471
         744800          17.8665
         759700          17.9759
         774900          18.0753
         790300          18.1747
         806200          18.2741
         822300          18.3636
         838700           18.453
         855500          18.5325
         872600          18.6119
         890100          18.6814
         907900          18.7508
         926000          18.8103
         944500          18.8698
         963400          18.9193
         982700          18.9688
      1.002e+06          19.0183
      1.022e+06          19.0579
      1.043e+06          19.0874
      1.064e+06          19.1169
      1.085e+06          19.1465
      1.107e+06           19.166
      1.129e+06          19.1856
      1.151e+06          19.2052
      1.174e+06          19.2147
      1.198e+06          19.2143
      1.222e+06          19.2139
      1.246e+06          19.2135
      1.271e+06          19.2031
      1.297e+06          19.1927
      1.323e+06          19.1823
      1.349e+06           19.162
      1.376e+06          19.1316
      1.404e+06          19.1112
      1.432e+06          19.0809
       1.46e+06          19.0405
      1.489e+06          19.0102
      1.519e+06          18.9598
       1.55e+06          18.9195
      1.581e+06          18.8692
      1.612e+06          18.8188
      1.644e+06          18.7685
      1.677e+06          18.7082
      1.711e+06          18.6479
      1.745e+06          18.5776
       1.78e+06          18.5173
      1.816e+06           18.437
      1.852e+06          18.3667
      1.889e+06          18.2964
      1.927e+06          18.2161
      1.965e+06          18.1258
      2.005e+06          18.0456
      2.045e+06          17.9553
      2.086e+06          17.8651
      2.127e+06          17.7748
       2.17e+06          17.6846
      2.213e+06          17.5843
      2.258e+06           17.484
      2.303e+06          17.3838
      2.349e+06          17.2836
      2.396e+06          17.1733
      2.444e+06          17.0731
      2.492e+06          16.9629
      2.542e+06          16.8527
      2.593e+06          16.7325
      2.645e+06          16.6222
      2.698e+06           16.502
      2.752e+06          16.3818
      2.807e+06          16.2616
      2.863e+06          16.1414
       2.92e+06          16.0212
      2.979e+06           15.901
      3.038e+06          15.7708
      3.099e+06          15.6407
      3.161e+06          15.5205
      3.224e+06          15.3903
      3.289e+06          15.2601
      3.355e+06          15.1199
      3.422e+06          14.9898
       3.49e+06          14.8596
       3.56e+06          14.7194
      3.631e+06          14.5793
      3.704e+06          14.4491
      3.778e+06           14.309
      3.853e+06          14.1688
       3.93e+06          14.0286
      4.009e+06          13.8885
      4.089e+06          13.7484
      4.171e+06          13.6082
      4.254e+06          13.4581
      4.339e+06          13.3179
      4.426e+06          13.1778
      4.515e+06          13.0277
      4.605e+06          12.8875
      4.697e+06          12.7474
      4.791e+06          12.5973
      4.887e+06          12.4571
      4.985e+06           12.307
      5.084e+06          12.1669
      5.186e+06          12.0168
       5.29e+06          11.8767
      5.396e+06          11.7365
      5.503e+06          11.5864
      5.614e+06          11.4463
      5.726e+06          11.3062
       5.84e+06          11.1561
      5.957e+06           11.016
      6.076e+06          10.8759
      6.198e+06          10.7358
      6.322e+06          10.5957
      6.448e+06          10.4556
      6.577e+06          10.3155
      6.709e+06          10.1854
      6.843e+06          10.0453
       6.98e+06           9.9102
      7.119e+06          9.77611
      7.262e+06          9.64203
      7.407e+06          9.50994
      7.555e+06          9.37785
      7.706e+06          9.24777
       7.86e+06          9.11768
      8.018e+06           8.9896
      8.178e+06          8.86252
      8.341e+06          8.73644
      8.508e+06          8.61136
      8.678e+06          8.48829
      8.852e+06          8.36621
      9.029e+06          8.24514
       9.21e+06          8.12507
      9.394e+06            8.006
      9.582e+06          7.88893
      9.773e+06          7.77286
      9.969e+06          7.65779
      1.017e+07          7.54472
      1.037e+07          7.43166
      1.058e+07          7.32159
      1.079e+07          7.21153
      1.101e+07          7.10347
      1.123e+07          6.99641
      1.145e+07          6.89035
      1.168e+07          6.78529
      1.191e+07          6.68223
      1.215e+07          6.58017
      1.239e+07          6.47912
      1.264e+07          6.38007
       1.29e+07          6.28201
      1.315e+07          6.18496
      1.342e+07          6.08891
      1.369e+07          5.99486
      1.396e+07          5.90181
      1.424e+07          5.84876
      1.452e+07          5.81071
      1.481e+07          5.77166
      1.511e+07          5.73161
      1.541e+07          5.69057
      1.572e+07          5.64852
      1.603e+07          5.60548
      1.635e+07          5.56243
      1.668e+07          5.51839
      1.702e+07          5.44335
      1.736e+07          5.34431
       1.77e+07          5.24727
      1.806e+07          5.15123
      1.842e+07          5.05819
      1.879e+07          4.96615
      1.916e+07          4.87711
      1.955e+07          4.78907
      1.994e+07          4.70304
      2.034e+07            4.618
      2.074e+07          4.53497
      2.116e+07          4.45393
      2.158e+07           4.3749
      2.201e+07          4.29686
      2.245e+07          4.21983
       2.29e+07           4.1448
      2.336e+07          4.07177
      2.383e+07          3.99974
       2.43e+07           3.9287
      2.479e+07          3.85967
      2.528e+07          3.79164
      2.579e+07          3.72462
      2.631e+07          3.65959
      2.683e+07          3.59456
      2.737e+07          3.53153
      2.792e+07           3.4705
      2.847e+07          3.40948
      2.904e+07          3.34945
      2.962e+07          3.29142
      3.022e+07           3.2344
      3.082e+07          3.17837
      3.144e+07          3.12235
      3.207e+07          3.06833
      3.271e+07           3.0153
      3.336e+07          2.96328
      3.403e+07          2.91226
      3.471e+07          2.86224
       3.54e+07          2.81221
      3.611e+07          2.76419
      3.683e+07          2.71617
      3.757e+07          2.67015
      3.832e+07          2.62413
      3.909e+07          2.57911
      3.987e+07          2.53409
      4.067e+07          2.49107
      4.148e+07          2.44805
      4.231e+07          2.40603
      4.316e+07          2.36501
      4.402e+07            2.325
       4.49e+07          2.28498
       4.58e+07          2.24596
      4.671e+07          2.20794
      4.765e+07          2.16993
       4.86e+07          2.13291
      4.957e+07          2.09689
      5.057e+07          2.06088
      5.158e+07          2.02586
      5.261e+07          1.99185
      5.366e+07          1.95783
      5.473e+07          1.92482
      5.583e+07           1.8918
      5.695e+07          1.85979
      5.808e+07          1.82777
      5.925e+07          1.79676
      6.043e+07          1.76675
      6.164e+07          1.73673
      6.287e+07          1.70772
      6.413e+07          1.67871
      6.541e+07          1.64969
      6.672e+07          1.62268
      6.805e+07          1.59467
      6.942e+07          1.56766
       7.08e+07          1.54165
      7.222e+07          1.51563
      7.366e+07          1.48962
      7.514e+07          1.46461
      7.664e+07           1.4396
      7.817e+07          1.41559
      7.974e+07          1.39158
      8.133e+07          1.36857
      8.296e+07          1.34556
      8.462e+07          1.32255
      8.631e+07          1.30054
      8.804e+07          1.27853
       8.98e+07          1.25652
      9.159e+07          1.23551
      9.342e+07           1.2145
      9.529e+07          1.19449
       9.72e+07          1.17448
      9.914e+07          1.15448
      1.011e+08          1.13547
      1.031e+08          1.11646
      1.052e+08          1.09745
      1.073e+08          1.07944
      1.095e+08          1.06143
      1.117e+08          1.04343
      1.139e+08          1.02542
      1.162e+08          1.00841
      1.185e+08         0.991704
      1.209e+08         0.975097
      1.233e+08          0.95879
      1.257e+08         0.942683
      1.283e+08         0.926976
      1.308e+08         0.911469
      1.334e+08         0.896262
      1.361e+08         0.881256
      1.388e+08         0.866549
      1.416e+08         0.852043
      1.444e+08         0.837837
      1.473e+08         0.823931
      1.503e+08         0.810125
      1.533e+08         0.796619
      1.563e+08         0.783413
      1.595e+08         0.770308
      1.627e+08         0.757502
      1.659e+08         0.744897
      1.692e+08         0.732591
      1.726e+08         0.720386
      1.761e+08         0.708481
      1.796e+08         0.696676
      1.832e+08         0.685171
      1.868e+08         0.673766
      1.906e+08         0.662661
      1.944e+08         0.651657
      1.983e+08         0.640852